bb.png
0,
0,
12288,
30720,
12288,
12288,
64512,
130560,
261888,
511872,
493440,
511872,
1036224,
524160,
524160,
197376,
130560,
66048,
261888,
64512,
4194288,
8376312,
8357880,
0,
0,
0,


bk.png
0,
0,
0,
12288,
30720,
12288,
12288,
1978848,
3264048,
5027016,
14567912,
10439652,
10467300,
14661612,
6260712,
7327704,
3639216,
1572960,
1048512,
1036224,
786240,
536640,
1048512,
0,
0,
0,


bn.png
0,
0,
0,
2048,
7168,
32256,
65280,
122752,
499520,
1048480,
4194208,
3669424,
4193168,
4193168,
984976,
1851280,
65456,
130992,
262064,
524208,
524272,
524272,
524272,
0,
0,
0,


bp.png
0,
0,
0,
0,
0,
30720,
64512,
64512,
64512,
64512,
30720,
130560,
261888,
30720,
30720,
64512,
64512,
130560,
130560,
261888,
1048512,
1048512,
1048512,
0,
0,
0,


bq.png
0,
0,
0,
0,
231168,
231168,
231168,
99840,
231168,
14929692,
14929692,
6553368,
4194288,
2097120,
2097120,
1048512,
1048512,
786624,
917184,
511872,
904896,
786624,
1048512,
0,
0,
0,


br.png
0,
0,
0,
0,
667968,
948672,
1048512,
1048512,
1048512,
524160,
131328,
261888,
261888,
261888,
261888,
524160,
524160,
524160,
262272,
1048512,
2097120,
2097120,
2097120,
0,
0,
0,


